[gd_scene load_steps=2 format=3 uid="uid://bmhgitq1fwfst"]

[ext_resource type="PackedScene" uid="uid://bqagxxac2m8ci" path="res://Assets/buildings/house1.fbx" id="1_s37ah"]

[node name="Node3D" type="Node3D"]

[node name="CSGBox3D" type="CSGBox3D" parent="."]
transform = Transform3D(1, 0, 0, 0, 1, 0, 0, 0, 1, 14.4079, 0.0949459, -7.31551)
use_collision = true
size = Vector3(101.484, 1, 101.655)

[node name="house1" parent="." instance=ExtResource("1_s37ah")]
transform = Transform3D(0.837051, 0, 0.547125, 0, 1, 0, -0.547125, 0, 0.837051, 40.8753, 0.647328, 29.7305)

[node name="house2" parent="." instance=ExtResource("1_s37ah")]
transform = Transform3D(1, 0, 0, 0, 1, 0, 0, 0, 1, 19.0798, 0.718655, 26.0251)

[node name="house3" parent="." instance=ExtResource("1_s37ah")]
transform = Transform3D(0.677877, 0, -0.735175, 0, 1, 0, 0.735175, 0, 0.677877, -8.41052, 0.594945, 19.0365)

[node name="house4" parent="." instance=ExtResource("1_s37ah")]
transform = Transform3D(-0.740758, 0, 0.671772, 0, 1, 0, -0.671772, 0, -0.740758, 50.5407, 0.594944, -39.6508)

[node name="house5" parent="." instance=ExtResource("1_s37ah")]
transform = Transform3D(0.229404, 0, -0.973331, 0, 1, 0, 0.973331, 0, 0.229404, -21.2546, 0.594946, -1.39886)

[node name="house6" parent="." instance=ExtResource("1_s37ah")]
transform = Transform3D(-0.622774, 0, -0.782402, 0, 1, 0, 0.782402, 0, -0.622774, -13.6942, 0.594948, -29.4192)

[node name="house7" parent="." instance=ExtResource("1_s37ah")]
transform = Transform3D(-0.998909, 0, 0.0467056, 0, 1, 0, -0.0467056, 0, -0.998909, 1.94019, 0.594948, -47.0472)

[node name="CSGBox3D" type="CSGBox3D" parent="house7"]
transform = Transform3D(0.998989, 0, 0.0449447, 0, 1, 0, -0.0449447, 0, 0.998989, -72.2638, -0.119475, -53.6519)
size = Vector3(12.9829, 0.268066, 3.47571)

[node name="CSGBox3D2" type="CSGBox3D" parent="house7"]
transform = Transform3D(-0.0520573, 0, 0.998644, 0, 1, 0, -0.998644, 0, -0.0520573, -18.4251, -0.162632, 44.7028)
size = Vector3(66.9026, 0.268066, 3.47571)

[node name="CSGBox3D3" type="CSGBox3D" parent="house7"]
transform = Transform3D(-0.997451, 0, -0.0714455, 0, 1, 0, 0.0714455, 0, -0.997451, -1.03446, -0.162632, 75.1621)
size = Vector3(34.9948, 0.268066, 3.47571)

[node name="CSGBox3D4" type="CSGBox3D" parent="house7"]
transform = Transform3D(-0.0740738, 0, 0.99726, 0, 1, 0, -0.99726, 0, -0.0740738, 15.8181, -0.162632, 89.737)
size = Vector3(34.9948, 0.268066, 3.47571)

[node name="house8" parent="." instance=ExtResource("1_s37ah")]
transform = Transform3D(-0.174697, 0, 0.984622, 0, 1, 0, -0.984622, 0, -0.174697, 53.2383, 0.69348, -10.6929)

[node name="CSGPolygon3D" type="CSGPolygon3D" parent="."]

[node name="CSGPolygon3D3" type="CSGPolygon3D" parent="."]
transform = Transform3D(1, 0, 0, 0, 1, 0, 0, 0, 1, -4.78691, 0, -157.365)
polygon = PackedVector2Array(0, 0, 0.428378, 1.24785, 0.443731, 1.24804, 1, 0)

[node name="CSGPolygon3D4" type="CSGPolygon3D" parent="."]
transform = Transform3D(1, 0, 0, 0, 1, 0, 0, 0, 1, -12.6384, 0, -160.153)
polygon = PackedVector2Array(0, 0, 0.428378, 1.24785, 0.443731, 1.24804, 1, 0)

[node name="CSGPolygon3D6" type="CSGPolygon3D" parent="."]
transform = Transform3D(1, 0, 0, 0, 1, 0, 0, 0, 1, -8.4844, 0, -159.016)
polygon = PackedVector2Array(0, 0, 0.428378, 1.24785, 0.443731, 1.24804, 1, 0)

[node name="CSGPolygon3D7" type="CSGPolygon3D" parent="."]
transform = Transform3D(1, 0, 0, 0, 1, 0, 0, 0, 1, -15.796, 0, -154.868)
polygon = PackedVector2Array(0, 0, 0.428378, 1.24785, 0.443731, 1.24804, 1, 0)

[node name="CSGPolygon3D8" type="CSGPolygon3D" parent="."]
transform = Transform3D(1, 0, 0, 0, 1, 0, 0, 0, 1, -7.44156, 0, -153.407)
polygon = PackedVector2Array(0, 0, 0.428378, 1.24785, 0.443731, 1.24804, 1, 0)

[node name="CSGPolygon3D9" type="CSGPolygon3D" parent="."]
transform = Transform3D(1, 0, 0, 0, 1, 0, 0, 0, 1, 68.4805, 0, -180.293)
polygon = PackedVector2Array(0, 0, 0.428378, 1.24785, 0.443731, 1.24804, 1, 0)

[node name="CSGPolygon3D10" type="CSGPolygon3D" parent="."]
transform = Transform3D(1, 0, 0, 0, 1, 0, 0, 0, 1, 68.4805, 0, -113.155)
polygon = PackedVector2Array(0, 0, 0.428378, 1.24785, 0.443731, 1.24804, 1, 0)

[node name="CSGPolygon3D11" type="CSGPolygon3D" parent="."]
transform = Transform3D(1, 0, 0, 0, 1, 0, 0, 0, 1, 148.148, 0, -132.158)
polygon = PackedVector2Array(0, 0, 0.428378, 1.24785, 0.443731, 1.24804, 1, 0)

[node name="CSGPolygon3D12" type="CSGPolygon3D" parent="."]
transform = Transform3D(1, 0, 0, 0, 1, 0, 0, 0, 1, 102.654, 0, 523.033)
polygon = PackedVector2Array(0, 0, 0.428378, 1.24785, 0.443731, 1.24804, 1, 0)

[node name="CSGPolygon3D13" type="CSGPolygon3D" parent="."]
transform = Transform3D(1, 0, 0, 0, 1, 0, 0, 0, 1, -3.22888, 0, 191.5)
polygon = PackedVector2Array(0, 0, 0.428378, 1.24785, 0.443731, 1.24804, 1, 0)

[node name="CSGPolygon3D14" type="CSGPolygon3D" parent="."]
transform = Transform3D(1, 0, 0, 0, 1, 0, 0, 0, 1, 39.5009, 0, 134.785)
polygon = PackedVector2Array(0, 0, 0.428378, 1.24785, 0.443731, 1.24804, 1, 0)

[node name="CSGPolygon3D15" type="CSGPolygon3D" parent="."]
transform = Transform3D(1, 0, 0, 0, 1, 0, 0, 0, 1, -171.808, 0, 146.402)
polygon = PackedVector2Array(0, 0, 0.428378, 1.24785, 0.443731, 1.24804, 1, 0)

[node name="CSGPolygon3D16" type="CSGPolygon3D" parent="."]
transform = Transform3D(1, 0, 0, 0, 1, 0, 0, 0, 1, -259.518, 0, -61.4067)
polygon = PackedVector2Array(0, 0, 0.428378, 1.24785, 0.443731, 1.24804, 1, 0)

[node name="CSGPolygon3D17" type="CSGPolygon3D" parent="."]
transform = Transform3D(1, 0, 0, 0, 1, 0, 0, 0, 1, -329.132, 0, -273.159)
polygon = PackedVector2Array(0, 0, 0.428378, 1.24785, 0.443731, 1.24804, 1, 0)
