[gd_scene load_steps=4 format=3 uid="uid://bmhgitq1fwfst"]

[ext_resource type="Material" uid="uid://ciyou2jfanira" path="res://Assets/Materials/Grass_Mat.tres" id="1_hnokw"]
[ext_resource type="PackedScene" uid="uid://bqagxxac2m8ci" path="res://Assets/buildings/house1.fbx" id="1_s37ah"]
[ext_resource type="PackedScene" uid="uid://dmgtv0o1qnx6" path="res://Scenes/CultistHut.tscn" id="3_btrko"]

[node name="Node3D" type="Node3D"]

[node name="CSGBox3D" type="CSGBox3D" parent="."]
transform = Transform3D(1, 0, 0, 0, 1, 0, 0, 0, 1, 13.068, -0.245225, -11.1587)
material_override = ExtResource("1_hnokw")
use_collision = true
size = Vector3(1000, 1, 1000)

[node name="house1" parent="." instance=ExtResource("1_s37ah")]
transform = Transform3D(0.837051, 0, 0.547125, 0, 1, 0, -0.547125, 0, 0.837051, 35.4481, 0.301576, 13.1609)

[node name="house2" parent="." instance=ExtResource("1_s37ah")]
transform = Transform3D(1, 0, 0, 0, 1, 0, 0, 0, 1, 10.6198, 0.289337, 19.6822)

[node name="house3" parent="." instance=ExtResource("1_s37ah")]
transform = Transform3D(0.677877, 0, -0.735175, 0, 1, 0, 0.735175, 0, 0.677877, -8.41052, 0.276613, 9.14622)

[node name="house4" parent="." instance=ExtResource("1_s37ah")]
transform = Transform3D(-0.740758, 0, 0.671772, 0, 1, 0, -0.671772, 0, -0.740758, 41.8051, 0.172384, -34.5355)

[node name="house5" parent="." instance=ExtResource("1_s37ah")]
transform = Transform3D(0.229404, 0, -0.973331, 0, 1, 0, 0.973331, 0, 0.229404, -13.6685, 0.296621, -14.0124)

[node name="house6" parent="." instance=ExtResource("1_s37ah")]
transform = Transform3D(-0.622774, 0, -0.782402, 0, 1, 0, 0.782402, 0, -0.622774, -8.02468, 0.133253, -34.1006)

[node name="house7" parent="." instance=ExtResource("1_s37ah")]
transform = Transform3D(-0.998909, 0, 0.0467056, 0, 1, 0, -0.0467056, 0, -0.998909, 3.80165, 0.299782, -47.0472)

[node name="CSGBox3D" type="CSGBox3D" parent="house7"]
transform = Transform3D(0.998989, 0, 0.0449447, 0, 1, 0, -0.0449447, 0, 0.998989, -86.3007, -0.119475, -53.024)
size = Vector3(45.1628, 0.268066, 3.47571)

[node name="CSGBox3D2" type="CSGBox3D" parent="house7"]
transform = Transform3D(-0.0520573, 0, 0.998644, 0, 1, 0, -0.998644, 0, -0.0520573, -18.4251, -0.170422, 44.7028)
size = Vector3(66.9026, 0.268066, 3.47571)

[node name="CSGBox3D3" type="CSGBox3D" parent="house7"]
transform = Transform3D(-0.997451, 0, -0.0714455, 0, 1, 0, 0.0714455, 0, -0.997451, -1.03446, -0.162632, 75.1621)
size = Vector3(34.9948, 0.268066, 3.47571)

[node name="CSGBox3D4" type="CSGBox3D" parent="house7"]
transform = Transform3D(-0.0740738, 0, 0.99726, 0, 1, 0, -0.99726, 0, -0.0740738, 15.8181, -0.162632, 89.737)
size = Vector3(34.9948, 0.268066, 3.47571)

[node name="house8" parent="." instance=ExtResource("1_s37ah")]
transform = Transform3D(-0.174697, 0, 0.984622, 0, 1, 0, -0.984622, 0, -0.174697, 43.6357, 0.276759, -6.76644)

[node name="CSGBox3D2" type="CSGBox3D" parent="."]
transform = Transform3D(0.957405, 0, 0.288748, 0, 1, 0, -0.288748, 0, 0.957405, -3.43413, 1.12635, -58.3425)
size = Vector3(51.3457, 1.7318, 0.135864)

[node name="CSGBox3D3" type="CSGBox3D" parent="."]
transform = Transform3D(0.830858, 0, -0.556484, 0, 1, 0, 0.556484, 0, 0.830858, 40.6494, 1.14401, -56.7477)
size = Vector3(34.2814, 1.7318, 0.135864)

[node name="CSGBox3D4" type="CSGBox3D" parent="."]
transform = Transform3D(0.184483, 0, -0.982836, 0, 1, 0, 0.982836, 0, 0.184483, 58.7233, 1.13921, -20.782)
size = Vector3(54.9191, 1.7318, 0.135864)

[node name="CSGBox3D5" type="CSGBox3D" parent="."]
transform = Transform3D(-0.362357, 0, -0.93204, 0, 1, 0, 0.93204, 0, -0.362357, 59.122, 1.16568, 27.0998)
size = Vector3(31.4059, 1.7318, 0.135864)

[node name="CSGBox3D6" type="CSGBox3D" parent="."]
transform = Transform3D(0.999976, 0, -0.0069812, 0, 1, 0, 0.0069812, 0, 0.999976, 31.0784, 1.11108, 41.996)
size = Vector3(44.7382, 1.7318, 0.135864)

[node name="CSGBox3D7" type="CSGBox3D" parent="."]
transform = Transform3D(0.772257, 0, -0.63531, 0, 1, 0, 0.63531, 0, 0.772257, -5.49211, 1.07067, 30.0018)
size = Vector3(37.9673, 1.7318, 0.135864)

[node name="CSGBox3D8" type="CSGBox3D" parent="."]
transform = Transform3D(0.121402, 0, -0.992604, 0, 1, 0, 0.992604, 0, 0.121402, -23.7745, 1.1498, -16.6163)
size = Vector3(69.5618, 1.7318, 0.135864)

[node name="Hut" parent="." instance=ExtResource("3_btrko")]
transform = Transform3D(0.768228, 0, -0.640177, 0, 1, 0, 0.640177, 0, 0.768228, 121.539, 0.958248, -146.5)

[node name="Hut2" parent="." instance=ExtResource("3_btrko")]
transform = Transform3D(-0.68058, 0, -0.732674, 0, 1, 0, 0.732674, 0, -0.68058, 194.955, 0.958248, 20.8791)

[node name="Hut3" parent="." instance=ExtResource("3_btrko")]
transform = Transform3D(-0.831111, 0, -0.556107, 0, 1, 0, 0.556107, 0, -0.831111, 125.394, 0.958248, 161.429)

[node name="Hut4" parent="." instance=ExtResource("3_btrko")]
transform = Transform3D(-0.68058, 0, -0.732674, 0, 1, 0, 0.732674, 0, -0.68058, -33.7424, 0.958248, 172.925)

[node name="Hut5" parent="." instance=ExtResource("3_btrko")]
transform = Transform3D(-0.967537, 0, 0.252728, 0, 1, 0, -0.252728, 0, -0.967537, -187.143, 0.958248, 25.2156)

[node name="Hut7" parent="." instance=ExtResource("3_btrko")]
transform = Transform3D(0.73083, 0, 0.68256, 0, 1, 0, -0.68256, 0, 0.73083, -151.468, 0.991905, -240.738)

[node name="Hut8" parent="." instance=ExtResource("3_btrko")]
transform = Transform3D(0.907946, 0, -0.419088, 0, 1, 0, 0.419088, 0, 0.907946, 103.413, 0.958248, -289.806)

[node name="Hut6" parent="." instance=ExtResource("3_btrko")]
transform = Transform3D(-0.362845, 0, 0.93185, 0, 1, 0, -0.93185, 0, -0.362845, -162.768, 0.830156, -49.9691)

[node name="Hut9" parent="." instance=ExtResource("3_btrko")]
transform = Transform3D(0.967427, 0, -0.25315, 0, 1, 0, 0.25315, 0, 0.967427, -3.7051, 0.950671, -174.794)

[node name="Hut10" parent="." instance=ExtResource("3_btrko")]
transform = Transform3D(0.899398, 0, 0.437131, 0, 1, 0, -0.437131, 0, 0.899398, -17.0593, 0.950671, -168.919)

[node name="Hut11" parent="." instance=ExtResource("3_btrko")]
transform = Transform3D(0.344463, 0, 0.9388, 0, 1, 0, -0.9388, 0, 0.344463, -19.8538, 0.950671, -154.983)

[node name="Hut12" parent="." instance=ExtResource("3_btrko")]
transform = Transform3D(0.244123, 0, -0.969744, 0, 1, 0, 0.969744, 0, 0.244123, 8.01653, 0.950671, -153.078)
